3,1
3,3
10,115
10,224
10,77
10,147
10,31
10,180
10,4
11,9
11,11
11,4
9,7
8,18
8,16
8,17
8,15
8,7
20,3
20,2
20,1
19,3
19,2
19,1
12,3
12,2
12,1
11,30
11,29
11,28
11,27
11,26
11,25
11,24
11,23
11,22
11,21
18,1
11,20
18,3
11,18
11,8
11,7
11,5
11,3
14,1
11,2
11,1
14,3
10,316
10,315
10,314
10,313
10,312
13,1
10,311
10,310
10,309
10,308
10,307
10,306
13,3
10,305
10,304
10,303
10,302
10,301
10,300
10,299
10,298
10,297
10,296
10,295
10,294
10,293
10,292
10,291
10,290
10,289
10,288
10,287
10,286
10,285
10,284
